{
 "cells": [
  {
   "cell_type": "code",
   "execution_count": 8,
   "id": "bd78c368-e62c-4620-b1ae-13eb89d3a773",
   "metadata": {},
   "outputs": [],
   "source": [
    "import pandas as pd\n",
    "import matplotlib.pyplot as plt\n",
    "import seaborn as sns\n",
    "import numpy as np\n",
    "\n",
    "from sklearn.model_selection import train_test_split, cross_val_score\n",
    "from sklearn.preprocessing import OneHotEncoder, StandardScaler\n",
    "from sklearn.feature_extraction.text import TfidfVectorizer\n",
    "from sklearn.pipeline import Pipeline\n",
    "from sklearn.compose import ColumnTransformer\n",
    "from sklearn.metrics import mean_squared_error, r2_score\n",
    "from sklearn.ensemble import RandomForestRegressor\n",
    "\n",
    "import nltk\n",
    "from nltk.tokenize import word_tokenize\n",
    "from scipy.cluster.hierarchy import dendrogram, linkage\n",
    "from pandas.api.types import CategoricalDtype\n",
    "from collections import defaultdict\n",
    "from nltk.corpus import stopwords\n",
    "import nltk\n",
    "from PIL import Image\n",
    "from wordcloud import WordCloud\n",
    "from PIL import Image, ImageDraw, ImageFont\n",
    "import random\n",
    "import os\n",
    "\n",
    "from sklearn.linear_model import LinearRegression"
   ]
  },
  {
   "cell_type": "code",
   "execution_count": 9,
   "id": "a03c9d5b-7e06-498d-a1b6-c6334f17097c",
   "metadata": {},
   "outputs": [],
   "source": [
    "df_budget = pd.read_csv('df_budget.csv')"
   ]
  },
  {
   "cell_type": "code",
   "execution_count": 13,
   "id": "1b2eaecf-7f0e-4513-92d6-dea1e25091f1",
   "metadata": {},
   "outputs": [],
   "source": [
    "X = df_budget[['budget']]\n",
    "y = df_budget['visualizaciones']"
   ]
  },
  {
   "cell_type": "code",
   "execution_count": 14,
   "id": "e9ab4516-aad0-4950-887d-a3930c0428ac",
   "metadata": {},
   "outputs": [],
   "source": [
    "# Dividir los datos en conjuntos de entrenamiento y prueba\n",
    "X_train, X_test, y_train, y_test = train_test_split(X, y, test_size=0.2, random_state=42)"
   ]
  },
  {
   "cell_type": "code",
   "execution_count": 15,
   "id": "0b513f46-f888-472d-a5e0-9cf937d4739a",
   "metadata": {},
   "outputs": [
    {
     "data": {
      "text/html": [
       "<style>#sk-container-id-1 {color: black;background-color: white;}#sk-container-id-1 pre{padding: 0;}#sk-container-id-1 div.sk-toggleable {background-color: white;}#sk-container-id-1 label.sk-toggleable__label {cursor: pointer;display: block;width: 100%;margin-bottom: 0;padding: 0.3em;box-sizing: border-box;text-align: center;}#sk-container-id-1 label.sk-toggleable__label-arrow:before {content: \"▸\";float: left;margin-right: 0.25em;color: #696969;}#sk-container-id-1 label.sk-toggleable__label-arrow:hover:before {color: black;}#sk-container-id-1 div.sk-estimator:hover label.sk-toggleable__label-arrow:before {color: black;}#sk-container-id-1 div.sk-toggleable__content {max-height: 0;max-width: 0;overflow: hidden;text-align: left;background-color: #f0f8ff;}#sk-container-id-1 div.sk-toggleable__content pre {margin: 0.2em;color: black;border-radius: 0.25em;background-color: #f0f8ff;}#sk-container-id-1 input.sk-toggleable__control:checked~div.sk-toggleable__content {max-height: 200px;max-width: 100%;overflow: auto;}#sk-container-id-1 input.sk-toggleable__control:checked~label.sk-toggleable__label-arrow:before {content: \"▾\";}#sk-container-id-1 div.sk-estimator input.sk-toggleable__control:checked~label.sk-toggleable__label {background-color: #d4ebff;}#sk-container-id-1 div.sk-label input.sk-toggleable__control:checked~label.sk-toggleable__label {background-color: #d4ebff;}#sk-container-id-1 input.sk-hidden--visually {border: 0;clip: rect(1px 1px 1px 1px);clip: rect(1px, 1px, 1px, 1px);height: 1px;margin: -1px;overflow: hidden;padding: 0;position: absolute;width: 1px;}#sk-container-id-1 div.sk-estimator {font-family: monospace;background-color: #f0f8ff;border: 1px dotted black;border-radius: 0.25em;box-sizing: border-box;margin-bottom: 0.5em;}#sk-container-id-1 div.sk-estimator:hover {background-color: #d4ebff;}#sk-container-id-1 div.sk-parallel-item::after {content: \"\";width: 100%;border-bottom: 1px solid gray;flex-grow: 1;}#sk-container-id-1 div.sk-label:hover label.sk-toggleable__label {background-color: #d4ebff;}#sk-container-id-1 div.sk-serial::before {content: \"\";position: absolute;border-left: 1px solid gray;box-sizing: border-box;top: 0;bottom: 0;left: 50%;z-index: 0;}#sk-container-id-1 div.sk-serial {display: flex;flex-direction: column;align-items: center;background-color: white;padding-right: 0.2em;padding-left: 0.2em;position: relative;}#sk-container-id-1 div.sk-item {position: relative;z-index: 1;}#sk-container-id-1 div.sk-parallel {display: flex;align-items: stretch;justify-content: center;background-color: white;position: relative;}#sk-container-id-1 div.sk-item::before, #sk-container-id-1 div.sk-parallel-item::before {content: \"\";position: absolute;border-left: 1px solid gray;box-sizing: border-box;top: 0;bottom: 0;left: 50%;z-index: -1;}#sk-container-id-1 div.sk-parallel-item {display: flex;flex-direction: column;z-index: 1;position: relative;background-color: white;}#sk-container-id-1 div.sk-parallel-item:first-child::after {align-self: flex-end;width: 50%;}#sk-container-id-1 div.sk-parallel-item:last-child::after {align-self: flex-start;width: 50%;}#sk-container-id-1 div.sk-parallel-item:only-child::after {width: 0;}#sk-container-id-1 div.sk-dashed-wrapped {border: 1px dashed gray;margin: 0 0.4em 0.5em 0.4em;box-sizing: border-box;padding-bottom: 0.4em;background-color: white;}#sk-container-id-1 div.sk-label label {font-family: monospace;font-weight: bold;display: inline-block;line-height: 1.2em;}#sk-container-id-1 div.sk-label-container {text-align: center;}#sk-container-id-1 div.sk-container {/* jupyter's `normalize.less` sets `[hidden] { display: none; }` but bootstrap.min.css set `[hidden] { display: none !important; }` so we also need the `!important` here to be able to override the default hidden behavior on the sphinx rendered scikit-learn.org. See: https://github.com/scikit-learn/scikit-learn/issues/21755 */display: inline-block !important;position: relative;}#sk-container-id-1 div.sk-text-repr-fallback {display: none;}</style><div id=\"sk-container-id-1\" class=\"sk-top-container\"><div class=\"sk-text-repr-fallback\"><pre>LinearRegression()</pre><b>In a Jupyter environment, please rerun this cell to show the HTML representation or trust the notebook. <br />On GitHub, the HTML representation is unable to render, please try loading this page with nbviewer.org.</b></div><div class=\"sk-container\" hidden><div class=\"sk-item\"><div class=\"sk-estimator sk-toggleable\"><input class=\"sk-toggleable__control sk-hidden--visually\" id=\"sk-estimator-id-1\" type=\"checkbox\" checked><label for=\"sk-estimator-id-1\" class=\"sk-toggleable__label sk-toggleable__label-arrow\">LinearRegression</label><div class=\"sk-toggleable__content\"><pre>LinearRegression()</pre></div></div></div></div></div>"
      ],
      "text/plain": [
       "LinearRegression()"
      ]
     },
     "execution_count": 15,
     "metadata": {},
     "output_type": "execute_result"
    }
   ],
   "source": [
    "modelo = LinearRegression()\n",
    "# Entrenar el modelo\n",
    "modelo.fit(X_train, y_train)"
   ]
  },
  {
   "cell_type": "code",
   "execution_count": 16,
   "id": "368bc855-f7ed-4828-9d25-fc09d7f03cec",
   "metadata": {},
   "outputs": [],
   "source": [
    "y_predict = modelo.predict(X_test)"
   ]
  },
  {
   "cell_type": "code",
   "execution_count": 17,
   "id": "f0418576-64c4-4f27-b6ec-cef353b23be8",
   "metadata": {},
   "outputs": [
    {
     "data": {
      "text/plain": [
       "0.002289062456399149"
      ]
     },
     "execution_count": 17,
     "metadata": {},
     "output_type": "execute_result"
    }
   ],
   "source": [
    "r2_score(y_true = y_test, y_pred = y_predict)"
   ]
  },
  {
   "cell_type": "code",
   "execution_count": 19,
   "id": "7468b7f8-3e1e-414c-8058-72f4385fa146",
   "metadata": {},
   "outputs": [
    {
     "data": {
      "text/html": [
       "<div>\n",
       "<style scoped>\n",
       "    .dataframe tbody tr th:only-of-type {\n",
       "        vertical-align: middle;\n",
       "    }\n",
       "\n",
       "    .dataframe tbody tr th {\n",
       "        vertical-align: top;\n",
       "    }\n",
       "\n",
       "    .dataframe thead th {\n",
       "        text-align: right;\n",
       "    }\n",
       "</style>\n",
       "<table border=\"1\" class=\"dataframe\">\n",
       "  <thead>\n",
       "    <tr style=\"text-align: right;\">\n",
       "      <th></th>\n",
       "      <th>Hours Viewed</th>\n",
       "      <th>id</th>\n",
       "      <th>vote_average</th>\n",
       "      <th>vote_count</th>\n",
       "      <th>revenue</th>\n",
       "      <th>runtime</th>\n",
       "      <th>budget</th>\n",
       "      <th>popularity</th>\n",
       "      <th>visualizaciones</th>\n",
       "      <th>budget_millions</th>\n",
       "    </tr>\n",
       "  </thead>\n",
       "  <tbody>\n",
       "    <tr>\n",
       "      <th>Hours Viewed</th>\n",
       "      <td>1.000000</td>\n",
       "      <td>0.093435</td>\n",
       "      <td>-0.043176</td>\n",
       "      <td>0.005892</td>\n",
       "      <td>0.031039</td>\n",
       "      <td>-0.028182</td>\n",
       "      <td>0.026420</td>\n",
       "      <td>0.021989</td>\n",
       "      <td>0.644098</td>\n",
       "      <td>0.026420</td>\n",
       "    </tr>\n",
       "    <tr>\n",
       "      <th>id</th>\n",
       "      <td>0.093435</td>\n",
       "      <td>1.000000</td>\n",
       "      <td>-0.551913</td>\n",
       "      <td>-0.288787</td>\n",
       "      <td>-0.231347</td>\n",
       "      <td>-0.496297</td>\n",
       "      <td>-0.293878</td>\n",
       "      <td>-0.297895</td>\n",
       "      <td>0.224790</td>\n",
       "      <td>-0.293878</td>\n",
       "    </tr>\n",
       "    <tr>\n",
       "      <th>vote_average</th>\n",
       "      <td>-0.043176</td>\n",
       "      <td>-0.551913</td>\n",
       "      <td>1.000000</td>\n",
       "      <td>0.355759</td>\n",
       "      <td>0.219514</td>\n",
       "      <td>0.527566</td>\n",
       "      <td>0.253874</td>\n",
       "      <td>0.400483</td>\n",
       "      <td>-0.144148</td>\n",
       "      <td>0.253874</td>\n",
       "    </tr>\n",
       "    <tr>\n",
       "      <th>vote_count</th>\n",
       "      <td>0.005892</td>\n",
       "      <td>-0.288787</td>\n",
       "      <td>0.355759</td>\n",
       "      <td>1.000000</td>\n",
       "      <td>0.690909</td>\n",
       "      <td>0.359898</td>\n",
       "      <td>0.560362</td>\n",
       "      <td>0.673045</td>\n",
       "      <td>-0.071973</td>\n",
       "      <td>0.560362</td>\n",
       "    </tr>\n",
       "    <tr>\n",
       "      <th>revenue</th>\n",
       "      <td>0.031039</td>\n",
       "      <td>-0.231347</td>\n",
       "      <td>0.219514</td>\n",
       "      <td>0.690909</td>\n",
       "      <td>1.000000</td>\n",
       "      <td>0.272061</td>\n",
       "      <td>0.691231</td>\n",
       "      <td>0.546416</td>\n",
       "      <td>-0.048958</td>\n",
       "      <td>0.691231</td>\n",
       "    </tr>\n",
       "    <tr>\n",
       "      <th>runtime</th>\n",
       "      <td>-0.028182</td>\n",
       "      <td>-0.496297</td>\n",
       "      <td>0.527566</td>\n",
       "      <td>0.359898</td>\n",
       "      <td>0.272061</td>\n",
       "      <td>1.000000</td>\n",
       "      <td>0.390060</td>\n",
       "      <td>0.366877</td>\n",
       "      <td>-0.269448</td>\n",
       "      <td>0.390060</td>\n",
       "    </tr>\n",
       "    <tr>\n",
       "      <th>budget</th>\n",
       "      <td>0.026420</td>\n",
       "      <td>-0.293878</td>\n",
       "      <td>0.253874</td>\n",
       "      <td>0.560362</td>\n",
       "      <td>0.691231</td>\n",
       "      <td>0.390060</td>\n",
       "      <td>1.000000</td>\n",
       "      <td>0.518073</td>\n",
       "      <td>-0.077690</td>\n",
       "      <td>1.000000</td>\n",
       "    </tr>\n",
       "    <tr>\n",
       "      <th>popularity</th>\n",
       "      <td>0.021989</td>\n",
       "      <td>-0.297895</td>\n",
       "      <td>0.400483</td>\n",
       "      <td>0.673045</td>\n",
       "      <td>0.546416</td>\n",
       "      <td>0.366877</td>\n",
       "      <td>0.518073</td>\n",
       "      <td>1.000000</td>\n",
       "      <td>-0.097190</td>\n",
       "      <td>0.518073</td>\n",
       "    </tr>\n",
       "    <tr>\n",
       "      <th>visualizaciones</th>\n",
       "      <td>0.644098</td>\n",
       "      <td>0.224790</td>\n",
       "      <td>-0.144148</td>\n",
       "      <td>-0.071973</td>\n",
       "      <td>-0.048958</td>\n",
       "      <td>-0.269448</td>\n",
       "      <td>-0.077690</td>\n",
       "      <td>-0.097190</td>\n",
       "      <td>1.000000</td>\n",
       "      <td>-0.077690</td>\n",
       "    </tr>\n",
       "    <tr>\n",
       "      <th>budget_millions</th>\n",
       "      <td>0.026420</td>\n",
       "      <td>-0.293878</td>\n",
       "      <td>0.253874</td>\n",
       "      <td>0.560362</td>\n",
       "      <td>0.691231</td>\n",
       "      <td>0.390060</td>\n",
       "      <td>1.000000</td>\n",
       "      <td>0.518073</td>\n",
       "      <td>-0.077690</td>\n",
       "      <td>1.000000</td>\n",
       "    </tr>\n",
       "  </tbody>\n",
       "</table>\n",
       "</div>"
      ],
      "text/plain": [
       "                 Hours Viewed        id  vote_average  vote_count   revenue  \\\n",
       "Hours Viewed         1.000000  0.093435     -0.043176    0.005892  0.031039   \n",
       "id                   0.093435  1.000000     -0.551913   -0.288787 -0.231347   \n",
       "vote_average        -0.043176 -0.551913      1.000000    0.355759  0.219514   \n",
       "vote_count           0.005892 -0.288787      0.355759    1.000000  0.690909   \n",
       "revenue              0.031039 -0.231347      0.219514    0.690909  1.000000   \n",
       "runtime             -0.028182 -0.496297      0.527566    0.359898  0.272061   \n",
       "budget               0.026420 -0.293878      0.253874    0.560362  0.691231   \n",
       "popularity           0.021989 -0.297895      0.400483    0.673045  0.546416   \n",
       "visualizaciones      0.644098  0.224790     -0.144148   -0.071973 -0.048958   \n",
       "budget_millions      0.026420 -0.293878      0.253874    0.560362  0.691231   \n",
       "\n",
       "                  runtime    budget  popularity  visualizaciones  \\\n",
       "Hours Viewed    -0.028182  0.026420    0.021989         0.644098   \n",
       "id              -0.496297 -0.293878   -0.297895         0.224790   \n",
       "vote_average     0.527566  0.253874    0.400483        -0.144148   \n",
       "vote_count       0.359898  0.560362    0.673045        -0.071973   \n",
       "revenue          0.272061  0.691231    0.546416        -0.048958   \n",
       "runtime          1.000000  0.390060    0.366877        -0.269448   \n",
       "budget           0.390060  1.000000    0.518073        -0.077690   \n",
       "popularity       0.366877  0.518073    1.000000        -0.097190   \n",
       "visualizaciones -0.269448 -0.077690   -0.097190         1.000000   \n",
       "budget_millions  0.390060  1.000000    0.518073        -0.077690   \n",
       "\n",
       "                 budget_millions  \n",
       "Hours Viewed            0.026420  \n",
       "id                     -0.293878  \n",
       "vote_average            0.253874  \n",
       "vote_count              0.560362  \n",
       "revenue                 0.691231  \n",
       "runtime                 0.390060  \n",
       "budget                  1.000000  \n",
       "popularity              0.518073  \n",
       "visualizaciones        -0.077690  \n",
       "budget_millions         1.000000  "
      ]
     },
     "execution_count": 19,
     "metadata": {},
     "output_type": "execute_result"
    }
   ],
   "source": [
    "df_budget.corr(numeric_only=True)"
   ]
  }
 ],
 "metadata": {
  "kernelspec": {
   "display_name": "Python 3 (ipykernel)",
   "language": "python",
   "name": "python3"
  },
  "language_info": {
   "codemirror_mode": {
    "name": "ipython",
    "version": 3
   },
   "file_extension": ".py",
   "mimetype": "text/x-python",
   "name": "python",
   "nbconvert_exporter": "python",
   "pygments_lexer": "ipython3",
   "version": "3.11.7"
  }
 },
 "nbformat": 4,
 "nbformat_minor": 5
}
